% 3. naloga
A = [1.8094    0.4998    0.9372    1.1284    0.7304    0.4561    1.2465    1.4024    1.1405    0.7302; 
0.4998    1.5025    1.0958    0.8576    0.7749    1.0531    1.4098    0.6539    0.5700    1.0023; 
0.9372    1.0958    0.5086    1.6451    0.2975    1.7235    0.4338    1.0585    1.1617    1.2381; 
1.1284    0.8576    1.6451    1.1705    1.0805    1.2284    0.5148    0.7618    0.9356    0.7314; 
0.7304    0.7749    0.2975    1.0805    1.5583    1.4625    1.0432    1.3437    0.7332    0.5252; 
0.4561    1.0531    1.7235    1.2284    1.4625    0.3313    0.7544    1.0803    0.7996    1.0910; 
1.2465    1.4098    0.4338    0.5148    1.0432    0.7544    1.9016    1.4070    1.1322    0.1541; 
1.4024    0.6539    1.0585    0.7618    1.3437    1.0803    1.4070    0.1689    1.2691    0.4998; 
1.1405    0.5700    1.1617    0.9356    0.7332    0.7996    1.1322    1.2691    1.1594    0.6732; 
0.7302    1.0023    1.2381    0.7314    0.5252    1.0910    0.1541    0.4998    0.6732    0.3678];

tol1 = 1e-3;
tol2 = 1e-2;

[Ak, ~] = JacobiClasic(A, tol1);
off = @(A) sqrt(sum(((A - diag(diag(A))).^2), "all"));
off(Ak)
% --------------------------------------------------------------
[Ac,~] = JacobiCyclic(A,tol2);
sum(abs(Ac - diag(diag(Ac))),"all")



